65 655 0 34200000000000 1 66 410 5350592020202020 2064301
65 143 0 34200000030256 2 66 8936 4141504c20202020 4963410
65 33 0 34200000086558 3 66 1536 4d53465420202020 1961701
65 617 0 34200000153795 4 66 9196 4d53465420202020 4581300
65 226 0 34200000209782 5 83 9655 5350592020202020 64515
65 715 0 34200000231708 6 83 5575 5350592020202020 1314256
65 981 0 34200000260929 7 83 1675 4141504c20202020 3197061
65 368 0 34200000274605 8 83 9892 5350592020202020 374488
65 471 0 34200000371252 9 66 6202 4141504c20202020 4640852
65 850 0 34200000410679 10 83 9460 4d53465420202020 593470
65 678 0 34200000417685 11 66 4742 4141504c20202020 1962791
65 390 0 34200000431923 12 83 7429 5350592020202020 1374441
65 364 0 34200000481443 13 66 4375 4141504c20202020 1445615
65 747 0 34200000552453 14 66 2678 4e56444120202020 3193102
65 948 0 34200000588835 15 66 5314 4141504c20202020 1931394
65 825 0 34200000594042 16 83 6573 5350592020202020 565230
65 936 0 34200000622695 17 83 3484 4e56444120202020 3328800
65 470 0 34200000707954 18 66 4340 4d53465420202020 2078861
65 575 0 34200000806601 19 83 9578 4e56444120202020 4905028
65 371 0 34200000859951 20 66 2267 4e56444120202020 772603
65 882 0 34200000867126 21 66 2505 4d53465420202020 3551334
65 66 0 34200000946298 22 83 6253 4e56444120202020 4448532
65 995 0 34200000980251 23 66 1877 5350592020202020 2863598
65 301 0 34200000995872 24 83 2592 4e56444120202020 37223
65 897 0 34200001091518 25 83 8202 4d53465420202020 4268742
65 892 0 34200001106465 26 83 8318 4d53465420202020 1292108
65 781 0 34200001156474 27 66 8838 4141504c20202020 2729218
65 20 0 34200001221516 28 66 5948 5350592020202020 2018671
65 247 0 34200001230108 29 66 1404 4e56444120202020 590596
65 785 0 34200001300930 30 66 2104 4e56444120202020 4622086
65 272 0 34200001323573 31 83 3471 4d53465420202020 2624865
65 688 0 34200001376869 32 83 7178 4e56444120202020 1025056
65 231 0 34200001410362 33 66 5540 4141504c20202020 4945091
65 236 0 34200001483965 34 66 118 4141504c20202020 503868
65 70 0 34200001514972 35 66 5414 4141504c20202020 4323054
65 286 0 34200001547167 36 83 3511 4d53465420202020 4800256
65 485 0 34200001623692 37 66 7750 4e56444120202020 1607274
65 100 0 34200001637055 38 83 5805 4e56444120202020 3458575
65 885 0 34200001699268 39 66 1613 4141504c20202020 3387432
65 348 0 34200001795716 40 66 4074 4d53465420202020 1605587
65 460 0 34200001867008 41 66 6913 4d53465420202020 2346606
65 256 0 34200001928645 42 66 7261 4141504c20202020 434365
65 554 0 34200002015122 43 66 1529 4d53465420202020 1405118
65 498 0 34200002069391 44 83 3503 4e56444120202020 501869
65 389 0 34200002091970 45 66 6397 5350592020202020 3826886
65 434 0 34200002130358 46 83 2537 4d53465420202020 2498965
65 992 0 34200002159892 47 66 9490 4141504c20202020 2640707
65 52 0 34200002168384 48 83 8239 4d53465420202020 487140
65 83 0 34200002235946 49 66 1123 4141504c20202020 1983033
65 123 0 34200002289869 50 66 9486 4141504c20202020 697726
